157.995	770.298	25032.6
157.89	770.376	25034.1
158.206	770.116	25035.3
158.168	769.997	25031.4
158.004	770.17	25031.1
157.174	770.067	25030.7
157.384	770.012	25031
157.766	770.385	25028.9
156.962	769.769	25036.5
158.087	770.452	25033.8
157.92	770.363	25034.2
157.971	770.2	25034.7
157.147	770.079	25035.3
157.385	769.9	25034
157.468	770.397	25030.1
156.819	770.086	25033.5
157.689	770.082	25033
158.096	770.28	25033.1
158.045	770.117	25031.3
156.631	769.69	25037
157.193	769.641	25033.9
156.997	769.991	25035.7
157.965	770.222	25034.5
158.192	770.385	25030.8
158.104	770.284	25034.3
156.59	769.861	25036.3
157.057	770.086	25034.5
157.407	770.443	25029.7
156.912	770.168	25035.7
158.288	770.416	25030.7
158.309	770.265	25035.2
157.579	769.949	25034.8
157.917	770.268	25031.7
157.281	770.041	25034.4
156.743	770.036	25035.1
156.618	769.886	25034.7
158.146	770.374	25033.3
157.334	770.094	25033.9
156.871	769.783	25033.9
157.395	770.367	25033.3
157.418	769.637	25037.5
156.91	769.963	25036.2
156.603	769.876	25032.8
157.565	770.278	25032.8
157.434	770.154	25033.5
157.681	770.386	25029.3
158.03	770.375	25029.8
157.807	769.618	25035.3
157.65	770.127	25033.7
158.259	770.279	25035
157.137	770.095	25034.1
156.991	770.141	25035.4
158.271	770.172	25035.3
156.838	769.677	25036.7
156.62	769.884	25036.8
158.143	770.382	25029.9
157.881	770.333	25033
157.725	770.413	25032.1
157.216	770.253	25030.2
157.682	769.844	25035.5
157.24	770.132	25030.5
156.794	770.086	25036.2
157.55	770.382	25033.8
158.014	770.301	25029.9
158.223	770.13	25035.8
157.926	770.249	25033.5
158.016	770.17	25034.8
157.791	770.17	25033.8
157.247	770.184	25030.6
157.468	770.403	25031.7
157.998	770.211	25033.9
158.145	770.368	25030.9
157.701	770.4	25031.6
158.087	770.245	25033.1
157.984	770.414	25029.7
157.182	770.154	25033.6
157.14	769.915	25035
158.269	770.174	25034.3
156.693	769.608	25038.8
157.341	770.407	25034
157.691	770.296	25032.4
157.839	770.32	25032.8
156.78	769.992	25031.5
157.724	770.088	25033.3
157.926	770.17	25034.4
157.886	770.349	25032.2
158.184	770.188	25031.2
158.154	770.112	25032.8
158.4	770.302	25031.2
158.201	770.094	25031.1
157.919	770.216	25029.7
157.328	770.127	25032.9
158.316	769.733	25035.7
158.257	770.145	25034
157.198	770.332	25033.8
157.685	770.329	25033
156.864	770.215	25031.5
157.955	770.26	25032.5
158.027	770.19	25033.8
157.753	770.133	25032.6
