x	y	KE
157.937	770.225	25034.1
158.174	770.161	25035.1
156.724	769.768	25036.9
158.274	770.109	25033.5
158.271	770.181	25034.7
157.395	770.457	25030.3
157.695	770.393	25031.9
157.648	770.346	25033.6
157.732	770.002	25032.6
157.751	770.292	25031.4
157.414	770.347	25031.7
158.323	770.2	25031
157.645	770.346	25031.8
157.288	770.408	25029.6
157.715	770.108	25033.2
156.861	769.835	25035.9
156.743	769.766	25037.7
156.609	769.565	25037.8
157.304	769.849	25033.4
157.629	769.913	25031.5
157.188	769.688	25032.8
157.86	770.21	25033
156.633	768.768	25038.8
157.432	770.412	25032.5
157.476	770.004	25034.5
158.32	770.237	25034.3
157.721	770.232	25033
158.406	770.288	25033.5
157.835	770.316	25032.9
157.539	770.019	25032
157.837	770.326	25031
157.582	770.315	25030
158.183	770.375	25030
158.143	770.189	25033.6
157.441	770.27	25032.8
157.26	769.093	25039.2
158.345	770.244	25030.9
157.809	770.303	25033.7
157.58	769.989	25034.2
157.419	769.713	25037.4
158.188	770.404	25031.1
157.062	770.025	25035.4
157.367	769.869	25036.4
157.919	770.24	25032.8
156.693	770.023	25031.9
157.042	770.068	25033.7
157.91	770.264	25032.2
158.054	770.215	25034.6
157.552	770.379	25033.7
157.966	770.203	25033
157.654	769.973	25033.1
158.099	770.308	25033.1
157.14	770.399	25034.1
157.279	770.2	25034
157.714	770.075	25033.4
158.298	770.214	25034.3
157.631	770.319	25032.3
157.325	769.7	25037.1
158.066	770.308	25033.9
156.972	770.22	25034
157.287	770.115	25034.5
157.656	769.977	25034.4
158.171	770.062	25033.5
157.96	770.332	25034.4
157.369	769.955	25036.2
158.051	770.161	25033.9
157.918	770.079	25030.4
158.243	770.3	25034.9
156.713	770.115	25031.8
157.357	770.299	25033
157.783	770.294	25031.2
157.674	770.34	25032.2
157.504	770.043	25034.1
157.006	769.933	25032.6
157.938	770.201	25030.9
157.916	770.218	25034.3
157.992	770.318	25033.1
157.69	770.353	25031.8
157.849	770.337	25034.1
156.988	769.771	25037.3
158.001	770.183	25030
157.798	770.04	25034.6
157.724	770.429	25033.1
157.499	770.414	25033.1
157.707	770.423	25031.8
156.864	769.867	25032.2
157.977	770.185	25031
157.805	770.303	25033.2
158.295	770.413	25031.6
157.548	769.984	25035.6
158.257	770.419	25033.1
157.81	770.247	25032
157.952	770.39	25032.6
157.449	770.342	25033.3
158.014	770.074	25033.7
157.68	770.029	25031.6
157.749	770.474	25033
157.924	770.481	25030.4
157.71	770.391	25032.3
158.098	770.273	25031.9
156.91	769.854	25035
158.25	770.109	25035.4
157.479	770.141	25033.2
157.437	770.158	25033.7
158.035	770.214	25033.2
157.349	770.27	25033.6
156.959	769.929	25035.4
157.653	770.037	25033.5
158.222	770.4	25034.3
157.976	770.132	25030.4
156.78	769.895	25036.7
157.429	770.1	25034.1
157.889	770.344	25030.5
157.858	770.264	25030.6
157.087	769.767	25037.3
157.932	770.263	25033.8
157	770.136	25035.3
158.318	770.284	25031.6
157.764	770.251	25030.1
156.978	769.849	25035.9
157.659	770.352	25033.3
158.194	770.127	25032.7
157.918	770.464	25029
157.67	770.354	25032.4
158.048	770.194	25030.6
157.838	770.235	25033.5
158.109	770.028	25035.7
157.831	770.556	25033.5
156.838	769.57	25037.8
158.027	770.321	25030
157.533	770.401	25032.8
157.415	770.339	25031.5
158.301	770.18	25033.1
157.642	770.134	25032
157.756	770.304	25031.3
157.616	770.361	25031.5
156.843	769.842	25035.9
158.04	770.204	25030.3
158.317	770.246	25034.9
157.241	769.794	25032.6
156.804	769.683	25033.9
157.448	770.436	25031.8
158.03	770.264	25032.8
158.137	770.297	25033.4
157.981	770.262	25032.7
157.092	770.296	25030.7
156.783	769.695	25033.9
157.68	770.384	25029.8
158.041	770.437	25033.7
156.838	769.866	25035
157.007	769.814	25033.1
157.913	770.225	25029.9
157.437	770.077	25033.8
156.896	769.441	25037.8
157.541	770.017	25032.3
158.096	770.352	25032.8
157.97	770.423	25033.3
158.283	770.159	25034.7
157.597	770.004	25033
157.328	770.016	25035
158.296	770.12	25032.7
158.207	770.15	25034.7
157.215	770.193	25032.3
157.28	770.462	25033.4
157.773	770.121	25034.9
157.31	770.45	25034.2
157.466	770.083	25034
157.652	770.131	25034.5
158.044	770.357	25029.9
157.7	770.119	25031.9
157.237	770.111	25032.5
157.511	770.031	25033.4
157.151	770.115	25031.1
157.855	770.333	25031.7
157.172	770.323	25032.9
158.179	770.11	25031.3
157.042	769.894	25035.1
157.985	770.537	25033.5
157.677	770.334	25030.6
157.809	770.312	25033.6
157.343	770.308	25031.1
157.387	769.898	25032.2
156.893	769.894	25036.9
157.083	770.034	25035.5
157.032	770.057	25034.6
157.65	770.221	25032.5
157.953	770.422	25032.9
158.069	770.167	25031.6
156.757	768.945	25036.8
157.557	770.029	25031
158.037	770.036	25035.4
157.291	770.142	25035.3
157.399	770.233	25033.5
157.133	770.402	25034.1
157.873	769.998	25031.7
158.196	770.386	25031.8
158.06	770.066	25034.9
158.215	770.165	25033.4
157.764	770.305	25031.1
158.186	770.246	25033.8
158.039	770.266	25034.7
157.111	770.385	25032.6
157.92	770.226	25033.9
157.639	770.145	25033
157.222	770.295	25034
156.956	769.998	25031.5
157.86	770.336	25033.2
157.408	769.94	25031.6
157.383	770.404	25030
157.378	769.359	25039.2
157.399	770.449	25032.9
157.862	770.248	25033
157.913	770.279	25033.9
158.383	770.283	25030.6
158.168	770.353	25030.3
156.789	770.055	25034.5
157.246	770.314	25032.3
156.856	770.021	25035.9
157.96	770.514	25033.5
156.728	769.651	25037.9
158.005	769.65	25036.4
157.133	770.39	25034.2
156.946	769.476	25037
157.708	770.419	25031.7
158.26	770.222	25032.1
157.232	769.864	25034.9
157.92	770.416	25029.5
156.931	770.073	25034.5
156.947	770.09	25035.3
157.49	770.421	25033.1
156.88	769.911	25035.7
157.23	770.29	25030.2
157.809	770.299	25030
157.536	769.927	25034.9
157.245	769.678	25032.9
158.041	770.332	25031.6
157.455	770.087	25030.5
158.091	770.123	25035.5
157.861	770.349	25032.3
157.743	770.35	25033.1
157.522	770.063	25034.9
158.089	770.421	25034
158.083	770.216	25034.3
157.257	770.359	25030.3
158.002	770.246	25029.6
156.708	769.639	25038.7
157.909	770.403	25032.2
157.97	770.4	25033.2
157.984	770.398	25029.6
156.853	770.006	25035.2
156.802	769.865	25034.1
157.943	770.364	25033.4
157.404	770.305	25029.4
158.017	770.507	25032.5
157.391	770.089	25035.2
157.666	770.343	25033.1
157.313	770.093	25030.6
157.719	770.318	25033.2
158.125	770.282	25032.3
157.445	770.209	25033.2
158.26	770.171	25035.6
157.65	770.12	25033.6
157.994	770.184	25032.7
157.958	770.196	25033.4
157.141	770.071	25034.5
157.895	770.283	25033.5
158.238	770.134	25035.5
157.81	770.32	25033.1
157.673	770.056	25032.3
157.382	770.311	25033.8
158.055	770.356	25034
157.421	770.457	25034.1
157.971	770.187	25034
158.258	770.07	25031.7
156.84	769.884	25033.8
156.644	770.09	25036.3
158.208	770.152	25030.8
157.244	770.436	25033.1
157.491	770.426	25030.3
158.242	770.108	25033.1
157.378	769.976	25031.4
157.947	770.323	25033.6
156.832	769.59	25037.3
158.314	770.276	25030.7
158.011	770.206	25034.6
158.092	770.151	25032.3
157.567	770.013	25034.9
156.896	770.021	25035.9
158.283	770.188	25033.5
157.627	770.374	25030.1
158.075	770.262	25033.5
157.521	770.273	25033.2
156.667	769.678	25037.3
157.633	770.032	25031.9
157.476	770.408	25034.2
157.364	770.347	25031.7
157.209	770.286	25033.8
158.404	770.291	25031.8
157.311	770.217	25029.7
157.599	770.253	25032.4
158.401	770.397	25030.7
157.853	770.457	25032.7
156.749	769.744	25033
158.094	770.125	25035.5
158.31	770.239	25031.3
157.36	770.319	25029.4
157.534	770.223	25030.8
157.135	770.397	25034.3
158.065	770.182	25034.8
157.554	770.388	25034.1
157.354	769.884	25031.8
157.552	770.026	25033.5
158.044	770.129	25034.8
156.609	769.657	25035.7
157.46	770.43	25031.9
157.626	770.375	25034.1
158.25	770.156	25035.4
156.741	769.789	25034.8
157.342	770.298	25032.5
157.441	770.44	25029.6
158.013	770.043	25032.8
157.491	770.421	25033
157.927	770.175	25033.3
157.474	769.991	25034.3
157.958	770.194	25031.4
156.725	769.803	25036.5
158.01	770.044	25035.5
157.64	770.052	25031.8
158.065	770.213	25034.7
157.132	769.836	25034.8
156.863	769.999	25035
158.168	770.388	25034.2
158.258	770.341	25033.4
157.604	770.315	25033
157.755	770.124	25031.1
156.9	770.054	25031.7
157.596	770.186	25032.1
157.29	770.316	25033.6
157.888	770.363	25033.6
157.655	770.083	25030.6
157.8	770.298	25033
157.522	770.11	25033
157.142	770.365	25033.6
157.138	770.026	25035.2
157.725	770.407	25032
157.916	770.432	25030
158.084	770.159	25031.3
157.814	770.258	25032.3
157.227	769.855	25032.8
157.231	770.183	25030.7
157.857	770.214	25032.4
158.118	770.378	25034.3
158.39	770.363	25034.8
157.104	770.058	25033.8
158.076	770.24	25030.9
157.925	770.476	25032.1
157.86	770.45	25031.3
157.47	770.049	25034.1
157.443	770.156	25034.7
158.105	770.271	25032.7
157.468	770.156	25033.2
158.341	770.375	25033.6
156.704	769.967	25033.9
157.246	770.222	25032.4
158.012	770.279	25030.4
157.266	770.101	25033.1
157.895	770.204	25034.5
157.64	770.186	25031.3
157.562	769.947	25033.9
157.225	770.297	25032.4
158.044	770.236	25030.1
157.32	769.876	25035.3
156.734	769.734	25037.9
157.718	770.313	25033
157.815	770.526	25029.4
157.234	769.715	25035.7
157.479	770.14	25033
158.154	770.38	25031
157.788	770.389	25032.3
157.696	770.4	25032.5
158.035	770.228	25034.2
157.232	770.363	25034.2
158.025	770.116	25035.1
157.959	770.057	25034.4
157.631	770.371	25034.1
157.673	770.213	25032.7
157.464	770.441	25033.8
158.081	770.024	25031.8
157.788	770.152	25032.7
157.078	770.04	25034.1
157.655	769.967	25034.6
156.893	770.053	25035.4
157.904	770.377	25029.9
157.94	770.068	25032.9
158.347	770.261	25032.7
158.348	770.348	25033.7
157.078	770.191	25030.7
157.992	770.441	25033.5
158.145	770.381	25029.8
158.141	770.178	25034.1
157.863	770.3	25030.9
157.957	770.336	25033.7
157.858	770.37	25032.6
157.726	770.093	25030.6
158.259	770.169	25033.9
156.862	770.004	25034.7
156.743	769.918	25035.9
157.351	770.425	25030.3
157.344	770.404	25034.3
156.94	769.893	25032.5
158.109	770.179	25034.5
158.36	770.317	25033.3
156.74	770.184	25033.1
157.597	770.353	25032.8
158.106	770.249	25031.7
158.101	770.115	25031
157.8	770.22	25033.8
158.049	770.279	25031.8
157.015	769.901	25031.9
157.428	770.036	25033.8
158.044	770.184	25032.8
156.752	769.995	25033.6
158.043	770.221	25030.3
157.931	770.332	25034
157.596	770.31	25032.3
158.113	770.398	25032.4
157.553	770.105	25031.7
156.672	769.685	25037.4
156.798	769.655	25034.7
157.151	770.354	25031
158.066	770.183	25031
157.798	770.316	25030
158.216	770.108	25034.5
157.888	770.086	25033.9
157.264	770.1	25032
156.777	770.178	25034.7
156.642	770.072	25036.4
158.411	770.332	25033.8
158.045	770.032	25030.9
157.848	770.188	25033.3
157.339	770.002	25034.5
157.776	770.153	25031
158.017	770.3	25033.8
158.139	770.308	25033.7
157.757	770.293	25031.5
157.475	770.241	25032.8
157.897	770.086	25033.8
158.331	769.925	25033.5
158.02	770.24	25030.9
157.666	770.273	25032.9
157.598	769.842	25035.5
158.369	770.332	25034.3
156.661	769.808	25036.7
157.494	769.875	25032.4
157.789	770.168	25034.3
156.721	769.974	25035
157.876	770.323	25033.1
157.019	770.075	25032.5
157.76	770.289	25032.2
158.379	770.281	25031.2
157.665	770.172	25033.3
157.654	770.312	25031.7
158.049	770.254	25033.3
157.901	770.218	25032.4
156.868	769.746	25036.6
157.654	770.036	25033.4
158.132	770.178	25033.7
157.555	770.065	25030.3
158.348	770.325	25033.9
158.372	770.367	25034.3
157.175	769.897	25034.2
158.335	770.308	25032.4
156.659	769.798	25037
156.684	770.006	25031.9
157.875	770.225	25030
157.227	770.44	25034.2
157.294	770.035	25035.5
156.831	770.2	25032.9
157.599	770.139	25034
157.701	770.413	25033.2
157.836	770.2	25033.1
157.301	770.161	25030.5
157.237	770.206	25030
157.44	769.622	25037.3
157.711	770.282	25032
157.462	770.247	25030.8
158.026	770.263	25033.2
157.503	770.09	25034.1
157.812	770.318	25029.7
156.669	770.001	25034.7
157.805	770.189	25030.4
157.805	770.242	25032.1
157.298	770.329	25032.9
157.64	770.365	25033
157.589	770.02	25035.2
157.337	770.306	25030.5
157.843	770.36	25030.2
156.591	769.639	25037.1
157.141	770.38	25033.8
157.933	770.461	25032.4
