x y KE
157.573	772.554	25037.3
157.652	772.602	25034.1
157.386	772.61	25031.4
157.616	772.559	25038.4
157.646	772.614	25035.9
157.582	772.603	25034.1
157.421	772.492	25038.5
157.525	772.61	25034.9
157.732	772.499	25035.3
157.642	772.625	25037.4
157.473	772.541	25034.1
157.55	772.571	25032.9
157.713	772.513	25034.3
157.511	772.556	25033.9
157.695	772.473	25034
157.654	772.572	25037.2
157.558	772.495	25034.4
157.414	772.61	25037.8
157.497	772.573	25037.2
157.593	772.499	25036.5
157.564	772.566	25033.4
157.455	772.589	25037.2
157.465	772.591	25037.6
157.531	772.609	25034.5
157.564	772.436	25032.2
157.574	772.44	25032.4
157.604	772.612	25035.8
157.676	772.591	25033.8
157.47	772.604	25037.1
157.61	772.467	25032.6
157.599	772.428	25030.2
157.63	772.618	25038.6
157.567	772.568	25033.6
157.449	772.608	25034.5
157.417	772.577	25037.4
157.481	772.608	25034.2
157.391	772.533	25034.3
157.694	772.552	25037.8
157.701	772.509	25038
157.609	772.454	25033.6
157.696	772.467	25035.3
157.725	772.499	25035.6
157.645	772.562	25037.1
157.513	772.611	25035.7
157.513	772.565	25035.3
156.942	50	334.448
157.55	772.453	25036.6
157.347	772.558	25034.8
157.661	772.579	25036.6
157.711	772.496	25036.5
157.507	772.578	25035.6
157.705	772.524	25038.8
157.384	772.52	25036.6
157.55	772.604	25034.4
157.582	772.581	25034
157.528	772.436	25033.4
157.629	772.458	25033.1
157.492	772.574	25037.1
157.56	772.583	25033.1
157.49	772.458	25030.5
157.602	772.452	25033.3
157.563	772.495	25034.3
157.511	772.567	25036.5
157.461	772.542	25034.5
157.382	772.617	25032.5
157.388	772.623	25036.1
157.663	772.604	25038.2
157.64	772.589	25037.8
157.402	772.543	25038.1
157.399	772.586	25032.8
157.577	772.542	25035.5
157.501	772.453	25032.5
157.452	772.598	25037.8
157.588	772.606	25034.8
157.737	772.56	25037.7
157.664	772.557	25037.1
157.489	772.583	25036.9
157.735	772.513	25034
157.682	772.564	25037.1
157.346	772.565	25035.7
157.404	772.584	25035.8
157.563	772.573	25033.2
157.658	772.544	25034.4
157.421	772.545	25038.1
157.719	772.487	25034.2
157.776	772.551	25036.8
157.709	772.537	25036
157.369	772.608	25036.6
157.34	772.564	25032.9
157.688	772.574	25037
157.572	772.478	25038.2
157.507	772.485	25037
157.472	772.595	25037.7
157.697	772.521	25036.5
157.669	772.586	25034.4
157.715	772.541	25034.1
157.522	772.541	25038.1
157.66	772.492	25038.5
157.475	772.503	25034.7
157.706	772.597	25036.8
