x	y	KE
158.486	768.467	25031.1
157.706	768.993	25035.2
157.244	768.655	25033.1
157.902	768.84	25031.9
158.192	768.706	25029.1
157.379	768.205	25031.9
157.663	768.747	25032.7
157.413	768.631	25031.7
158.54	769.124	25036.6
156.572	767.68	25040.7
157.784	769.152	25034.7
158.391	768.259	25032.3
158.602	769.13	25033.4
156.845	768.8	25032.4
157.315	768.426	25032.4
158.031	768.881	25034.4
157.231	769.114	25034
156.273	767.743	25038.2
157.823	768.475	25031.6
157.107	769.029	25032.4
158.541	769.076	25035.4
157.506	769.055	25037.5
158.522	768.487	25030.5
158.775	768.994	25033.7
158.496	768.584	25031
156.369	767.796	25038
157.739	769.125	25039.4
157.971	768.863	25033.2
158.102	769.355	25036.1
157.012	768.746	25029.6
158.263	768.643	25030.4
158.607	768.543	25030.2
157.605	768.885	25034.1
158.753	768.893	25030.7
158.185	769.13	25038.8
157.304	768.801	25032.4
158.113	768.868	25029.4
157.778	768.747	25028.3
157.478	769.06	25037.5
158.138	768.844	25034
156.419	768.6	25029.4
157.268	769.079	25038.9
156.607	768.048	25037
158.435	768.93	25029.9
157.404	768.205	25030.7
157.766	768.908	25033.4
158.336	768.644	25033.2
156.813	768.649	25031
157.268	768.462	25031.2
156.698	768.701	25033.8
158.074	768.742	25029.4
157.924	769.345	25038.3
157.004	768.987	25035.2
157.31	768.816	25031.2
157.528	768.111	25035.5
158.281	768.398	25032.6
157.716	768.97	25033.6
156.66	768.56	25033.8
158.213	768.899	25035.3
156.674	767.843	25035.6
157.865	768.62	25028.9
156.994	767.224	25037.9
158.15	768.91	25033.6
157.138	768.716	25030
157.528	768.307	25032.8
157.466	769.128	25034.2
158.469	769.153	25037.6
157.758	768.531	25031.7
156.537	766.653	25034.6
158.747	768.976	25033.7
157.105	769.044	25037.1
157.142	768.084	25032.1
158.161	769.074	25036.1
157.707	768.607	25030.1
158.699	768.922	25028.7
158.071	769.327	25039.8
157.183	768.621	25029.5
157.224	768.273	25030
156.803	768.453	25031.4
158.623	768.728	25031.2
158.102	768.847	25030.5
157.633	769.05	25035.1
156.966	768.114	25030.8
157.453	768.721	25031.1
156.441	767.862	25037.7
158.292	768.665	25030.7
157.946	768.901	25035.5
157.577	769.082	25036.6
158.016	768.899	25031.8
156.381	767.877	25037.4
157.182	768.189	25034.1
158.658	768.813	25031.4
158.452	769.128	25037.7
158.403	768.955	25031.5
156.711	767.743	25034
156.524	768.143	25035.2
157.334	768.452	25034
157.016	768.466	25031.5
158.385	768.684	25029.6
158.111	769.374	25035.4
158.173	768.663	25033.3
158.637	769.038	25035.4
157.315	768.289	25032.6
158.257	769.027	25034
158.245	768.962	25033.5
157.729	768.285	25030
157.409	768.735	25030.7
157.414	768.759	25028.3
156.402	767.825	25037.8
157.623	768.651	25031.7
156.968	768.837	25029
156.632	768.407	25034.2
158.424	768.627	25029.1
156.575	768.198	25035
157.521	768.959	25033.8
157.348	769.127	25038.9
158.556	768.754	25026.5
158.189	768.968	25035.8
157.068	768.097	25034.7
158.011	768.87	25034.1
158.5	769.164	25036.8
158.701	768.956	25030.2
158.133	768.884	25034.3
157.612	769.125	25035.9
157.428	768.514	25030.4
158.217	769.016	25033.8
158.269	769.021	25034
156.735	768.604	25028.6
157.873	768.491	25032.7
158.574	768.625	25029.6
157.556	768.56	25033.1
156.924	768.61	25032.6
156.893	768.192	25035.4
157.654	768.94	25033.4
157.541	768.957	25033.8
157.026	767.599	25038.1
157.963	768.96	25032.6
156.861	768.864	25033.1
156.362	767.948	25037
157.652	768.685	25033.1
157.584	769.084	25034.7
158.032	769.012	25036.7
158.18	768.999	25033.7
158.541	768.61	25025.9
158.039	768.899	25030.5
157.501	768.991	25034.9
157.095	769.023	25035.6
158.303	768.471	25032.4
157.119	768.497	25033.7
157.905	768.699	25028
156.486	768.639	25029.7
157.884	768.804	25032.7
157.384	769.025	25037.2
157.173	768.929	25035.2
158.469	769.067	25036.5
157.685	769.087	25036.1
158.303	768.428	25028.9
158.802	768.907	25032.3
158.689	768.77	25029.8
157.831	769.112	25038
156.646	768.464	25033.5
156.42	767.388	25040.8
157.643	769.035	25033.4
157.436	768.618	25031.4
158.068	768.845	25029.1
157.475	768.708	25031.8
156.409	768.401	25030.3
158.564	769.139	25034.4
157.657	768.885	25031.1
158.185	768.814	25035.1
156.848	768.562	25032.2
156.368	768.1	25033.9
158.244	769.127	25040.1
157.721	768.97	25035.4
158.44	768.449	25028.8
157.308	768.386	25032.5
156.752	768.161	25034.5
158.365	768.854	25034
158.222	768.311	25031.9
156.463	768.355	25032.3
158.513	769.14	25036.4
158.721	769.071	25032
158.577	769.174	25035.9
158.38	769.217	25036.7
157.017	768.52	25033.3
158.315	768.833	25032.9
156.713	768.276	25033.8
157.921	768.775	25028.3
158.156	768.551	25028.4
156.589	768.193	25035.3
158.395	769.067	25035.3
157.942	769.333	25036.2
158.213	768.866	25033.9
158.657	768.843	25032
157.393	768.495	25028.6
158.153	768.893	25033.4
157.976	768.882	25033.8
158.586	768.632	25026.7
156.946	768.436	25028.9
156.692	768.561	25034.3
156.858	768.946	25034.4
157.665	768.288	25033
158.356	769.055	25038.8
156.969	768.417	25029.2
157.175	768.809	25033
156.911	768.458	25031.5
157.023	767.86	25036.1
158.546	769.124	25036.7
158.68	769.101	25036.9
158.115	768.651	25033.3
157.82	768.154	25034.4
158.027	768.962	25033.2
158.462	768.854	25031.4
156.476	767.823	25038.2
157.361	768.991	25036.6
157.886	769.342	25038.4
158.125	768.978	25035.1
157.029	768.995	25035.1
157.521	768.77	25031.6
157.686	769	25036.1
157.615	768.535	25031.5
157.437	769.051	25035.8
156.687	768.12	25036.1
158.017	768.886	25033.9
156.537	768.563	25032.3
158.445	768.902	25030.2
158.498	768.478	25026.7
158.024	768.94	25033
158.096	768.849	25030.5
157.006	767.986	25032.3
156.335	766.909	25037.7
157.944	768.868	25033.1
157.756	768.796	25029.9
156.96	768.46	25030.2
157.905	768.778	25028.2
156.874	768.111	25036.1
156.776	768.495	25030.9
157.444	768.613	25028.2
157.815	768.954	25034
157.36	769.028	25036.5
157.969	768.89	25033.3
158.123	768.941	25034.8
157.749	768.4	25032.7
158.464	768.473	25031.3
156.56	768.396	25031.3
156.97	767.563	25034.9
157.17	768.892	25034.5
158.734	768.939	25028.6
158.267	768.828	25034
157.469	768.323	25034.1
157.382	768.766	25029.5
158.194	768.829	25029.8
158.302	768.911	25034.7
158.598	768.537	25029.8
157.581	769.071	25032.6
157.823	768.518	25032.4
157.335	768.007	25031.8
157.74	768.735	25033.1
158.061	768.966	25032.7
157.826	768.947	25033.9
157.304	768.837	25032.7
158.391	768.672	25028.1
156.456	767.87	25037.4
158.226	768.601	25032.9
156.985	768.435	25030.4
156.409	768.079	25037.2
157.7	768.349	25033.2
156.413	768.405	25031.8
157.342	768.533	25033.5
158.225	769.173	25035.5
157.572	768.55	25030.8
156.827	768.01	25035.6
158.213	768.555	25033.6
157.315	768.664	25030.6
158.681	769.082	25034.9
157.958	768.614	25030
156.294	767.927	25036.9
157.414	768.443	25033.1
157.385	769.084	25036.7
158.232	769.039	25035.6
158.673	768.976	25030.2
158.734	768.976	25032.2
157.74	768.501	25032.1
157.889	768.668	25033.1
158.138	768.84	25034.4
156.566	768.322	25030.9
158.552	768.586	25026.6
158.077	768.755	25029.5
157.419	769.024	25036.1
157.552	769.106	25036.9
158.462	768.461	25030.4
158.225	769.076	25037.7
158.408	768.668	25031.3
157.384	769.044	25037.3
158.452	769.145	25037.2
157.871	768.599	25032.4
157.3	769.081	25038.8
158.303	768.655	25028.4
157.373	768.965	25037
157.571	768.562	25032.2
158.466	768.673	25028.1
157.271	769.023	25032.5
157.96	768.89	25033.5
157.284	769.04	25037.4
156.331	768.071	25036.1
158.616	768.687	25026.6
158.576	768.674	25029.1
157.725	768.563	25031.1
157.873	768.935	25033.6
157.796	768.471	25028.5
158.521	768.602	25030.1
157.434	769.143	25038.3
158.442	768.615	25026.2
158.102	768.94	25034.5
157.228	768.696	25032.8
157.111	769.029	25035.9
157.252	768.964	25033.5
157.668	768.481	25028.7
157.375	768.613	25029
156.48	768.624	25029.7
158.192	769.477	25036
157.253	768.979	25034.9
158.738	768.894	25027.9
157.048	768.809	25032.6
158.453	769.146	25037.4
157.398	768.946	25034.4
157.02	768.894	25031.1
156.66	768.207	25033
157.831	768.945	25033.8
157.151	768.592	25031.8
157.839	769.16	25037.9
156.707	767.916	25033.4
156.855	768.754	25032.2
157.572	768.562	25031.5
157.89	768.717	25031.4
158.18	768.928	25037.1
158.115	768.976	25035.8
158.619	768.686	25026.5
158.422	769.012	25033
158.373	768.848	25028.5
156.652	768.272	25032.9
158.582	769.055	25034.6
158.272	768.472	25032.7
157.853	768.705	25030.9
157.908	769.336	25038.1
156.871	768.563	25032.2
157.833	769.263	25035.8
158.086	768.947	25033.3
158.322	769.059	25034.3
157.8	768.369	25031.8
157.747	768.984	25034.6
157.816	768.394	25028.5
158.423	768.856	25031.8
157.159	768.974	25036
158.264	768.174	25032.1
156.637	767.435	25040.3
158.004	769.029	25036.9
157.513	768.1	25034
156.709	768.587	25030.4
156.814	768.378	25034.8
156.421	767.688	25038.9
158.418	769.121	25037.6
158.138	769.109	25039.7
158.429	768.973	25034.4
158.031	768.878	25033
158.288	769.203	25040.4
158.266	768.522	25031.6
157.728	768.987	25034.6
158.537	768.576	25026.1
156.635	768.396	25034.4
157.423	768.786	25032.6
158.595	768.614	25029.1
157.317	768.289	25033
156.983	768.204	25030.2
156.824	768.371	25033
157.168	768.742	25031.9
158.263	768.819	25033.5
158.008	769.163	25037.9
157.538	769.093	25037.6
157.548	768.456	25031.9
157.925	768.894	25033.3
158.185	768.785	25032.2
157.326	768.672	25031.6
157.8	768.956	25034.1
158.41	768.683	25031.1
157.402	769.054	25037.6
158.333	768.88	25033.2
157.392	769.203	25039.3
157.617	768.889	25032.3
157.243	768.99	25036.2
157.073	768.575	25031.8
157.846	768.859	25033.8
158.398	769.013	25035.5
156.704	768.311	25033.7
157.414	768.929	25031.9
156.919	767.934	25037.9
158.132	768.731	25028.9
158.6	768.648	25028.2
156.967	769.007	25032.5
157.675	768.618	25030.3
157.415	769.045	25038.1
157.892	769.31	25038.4
157.952	768.983	25036
158.689	768.901	25029.6
158.531	768.54	25026.9
157.741	769.004	25034.9
157.303	768.782	25029.6
156.352	767.973	25036.7
157.953	768.958	25035.7
157.922	769.333	25037.9
158.568	769.162	25036.4
156.501	768.245	25034.7
158.026	768.893	25034
156.848	768.072	25035.3
156.904	768.492	25029.2
157.875	768.655	25031.1
156.679	767.967	25032.3
158.459	768.607	25028.8
157.195	769.113	25034.7
158.367	768.885	25035
157.816	768.763	25028.5
158.11	768.576	25032.3
156.845	767.811	25037.1
158.764	768.908	25031.6
158.4	768.642	25030.9
157.532	768.92	25031.5
158.459	769.142	25036.5
158.021	768.84	25032.8
158.054	768.963	25035.8
157.339	769.069	25036.2
158.606	769.004	25033.1
158.242	769.226	25037.5
157.597	769.075	25034.3
157.85	768.606	25032.7
157.435	768.432	25033.4
157.176	767.208	25039.9
157.812	767.909	25031.5
157.934	767.32	25039.7
157.296	768.703	25028.3
156.546	767.927	25038.2
157.494	769.139	25038.3
158.007	769.288	25037.3
158.534	769.15	25034.6
158.505	768.688	25027.8
157.26	769.031	25037.8
157.975	768.806	25030.2
158.619	768.817	25031.7
157.617	768.991	25035.2
157.841	768.644	25029.5
157.556	768.974	25034.3
157.791	768.933	25033.6
157.696	768.363	25031.5
157.226	768.86	25035.3
158.196	768.528	25031.4
158.429	768.677	25030.4
157.865	768.912	25033.5
157.208	768.998	25032.8
158.474	769.061	25035.2
157.642	768.249	25033.3
158.265	768.604	25032.4
158.502	768.522	25031.1
157.633	768.241	25030
158.303	768.927	25034.5
157.221	768.833	25034.5
158.401	768.604	25031.9
158.746	768.912	25028.8
157.415	769.073	25037.1
157.306	768.25	25029.8
157.142	768.791	25032.6
157.885	769.334	25039.1
157.146	768.946	25035.4
157.978	768.763	25028.4
157.64	766.852	25033.1
157.699	768.52	25030
157.654	768.529	25032.8
156.509	768.099	25035.5
158.249	768.221	25034.7
156.903	768.385	25034.6
157.959	768.849	25031.7
158.257	768.158	25034.1
158.73	768.965	25034
157.487	767.647	25038.5
157.607	769.043	25036.7
158.213	768.903	25030.2
156.961	768.338	25030.4
158.303	768.529	25033.4
157.153	769.065	25035.1
156.301	767.839	25037.7
156.926	768.524	25032.2
156.829	768.45	25032.2
158.566	768.684	25028.1
158.104	768.975	25033.4
158.333	768.678	25029.6
158.2	769.078	25037.8
158.58	768.608	25030.9
158.084	769.315	25039.2
158.206	768.807	25029.2
158.015	768.921	25030.8
158.369	768.761	25032.6
157.906	768.898	25035.5
