x	y	KE
158.107	768.355	25036.2
158.141	768.231	25032.6
158.133	768.666	25038.5
158.147	768.002	25031.3
157.99	767.962	25040.4
158.118	768.087	25028.7
158.141	768.451	25033.2
158.157	768.357	25046
158.188	767.995	25026.9
158.144	768.115	25047.6
158.116	768.088	25041.2
157.906	768.03	25020.4
157.992	767.985	25032.3
158.172	768.003	25036.4
158.123	768.662	25034.9
158.201	768.068	25032.7
158.224	768.061	25039.5
158.121	768.608	25034.2
158.114	768.18	25038.5
157.965	768.012	25041.3
158.18	768.063	25040.2
158.149	768.285	25031.5
158.195	768.058	25039.9
158.133	768.078	25138.6
158.101	768.666	25028.9
158.182	767.999	25037.3
158.122	768.56	25033.7
158.136	767.982	25035.3
158.001	768.004	25032.3
158.008	768.035	25042.1
158.132	768.399	25034.9
158.212	768.058	25032.5
158.024	767.969	25041.3
158.106	768.11	25044.3
158.142	768.246	25035
158.203	768.107	25050.2
158.133	768.192	25041.5
158.146	768.109	25028.9
158.097	768.417	25029.1
158.143	768.662	25027.2
158.15	768.535	25032.2
158.185	768.003	25034.8
158.148	768.332	25047.3
158.13	768.086	25031
158.123	768.005	25032
158.122	768.027	25054.5
158.119	768.392	25032.1
158.189	767.999	25032.5
158.024	767.981	25040.8
158.125	768.034	25034.5
158.126	768.041	25036.4
158.149	768.527	25031.5
157.935	768.031	25029
158.128	768.039	25041.5
158.038	768.308	25047.2
158.135	768.007	25040.5
158.099	768.293	25047.5
158.128	768.051	25071.7
158.14	768.243	25036.7
158.093	768.398	25033
158.08	768.034	25032.9
158.184	768.068	25044.7
158.177	768.047	25040.1
158.127	768.049	25026.8
158.159	768.07	25031.8
158.116	768.091	25073.1
158.127	768.085	25038.5
158.079	768.101	25044.7
158.126	768.263	25033.3
157.965	768.032	25042
158.123	768.001	25034.1
158.128	768.659	25028.2
158.139	768.772	25034.1
158.155	768.096	25032.4
158.082	767.971	25031.4
158.057	767.969	25041.6
158.119	768.092	25033.1
158.141	768.047	25028.5
158.145	768.138	25043.9
158.007	767.984	25040.6
158.115	768.702	25037.5
158.086	768.121	25045.2
158.118	768.642	25031.9
158.114	768.011	25064.9
158.093	768.42	25031.3
158.131	768.313	25045.2
158.117	768.52	25028.6
158.198	768.043	25033.3
158.018	768.027	25041.9
158.098	768.293	25047.5
158.204	768.044	25055.3
158.143	768.093	25168.2
158.15	768.059	25031.3
157.981	768.046	25027.7
158.196	768.027	25032.8
158.236	768.07	25031.7
157.961	768.002	25041.1
158.11	768.574	25038.4
158.122	767.974	25026.5
158.129	768.409	25024.5
158.147	768.546	25033
158.143	768.622	25028.3
158.17	768.016	25030.9
158.12	767.995	25030.9
158.2	768.031	25056.5
158.128	768.226	25047.5
158.061	768.054	25032.6
158.137	768.012	25035.6
158.203	768.027	25028.3
158.138	768.551	25035.9
158.129	768.055	25078.3
158.179	768.054	25038.9
158.123	768.001	25029.2
158.139	768.24	25038.4
158.189	768.024	25031.8
158.109	767.989	25041.7
158.121	768.082	25045.8
158.112	768.503	25034.5
157.987	767.99	25032.6
158.059	768.09	25044.4
158.142	768.558	25031.8
158.142	768.687	25028.5
158.038	768.06	25028.9
158.147	768.058	25047.2
158.159	768.04	25034
158.152	768.513	25026.8
