x	y	KE
157.758	772.098	25036.7
157.703	772.142	25038.1
157.718	772.153	25038.1
157.714	772.154	25035
157.643	772.173	25038
157.704	772.178	25031
157.699	772.098	25035.8
157.599	772.082	25034.9
157.762	772.159	25035.2
157.665	772.159	25037
157.525	772.094	25037.8
157.714	772.149	25037.6
157.64	772.04	25030.9
157.676	772.057	25032
157.712	772.152	25034.3
157.666	772.112	25037.8
157.582	771.907	25035.2
157.741	772.113	25036.7
157.723	772.142	25038.2
157.719	772.146	25035.1
157.615	772.182	25039.4
157.641	772.184	25028.3
157.716	772.149	25037.9
157.562	772.063	25031.9
157.535	772.104	25035.1
157.62	772.122	25035.3
157.634	772.166	25037.9
157.692	772.11	25035.3
157.574	772.03	25030.5
157.72	772.151	25037
157.544	772.107	25034.3
157.606	772.176	25039.4
157.72	772.154	25038.5
157.621	772.049	25031.3
157.586	772.162	25039.4
157.716	772.138	25034.1
157.633	772.096	25034
157.654	772.16	25035
157.563	772.114	25034
157.679	772.156	25037.2
157.655	772.205	25033.2
157.661	772.126	25038.3
157.772	772.115	25035.6
157.788	772.157	25038.3
157.672	772.161	25037.7
157.72	772.153	25037.3
157.661	772.169	25037.8
157.778	772.107	25036.4
157.731	772.17	25039.2
157.702	772.1	25035.7
157.693	772.153	25038.2
157.525	772.132	25036.1
157.725	772.158	25037.2
157.686	772.156	25038.3
157.689	772.237	25033.7
157.76	772.094	25035.8
157.727	772.163	25039
157.634	772.183	25030.5
157.654	772.141	25038.5
157.729	772.154	25036.2
157.673	772.129	25038.2
157.63	772.168	25038.2
157.566	772.053	25031.9
157.732	772.151	25037.8
157.733	772.096	25035.8
157.7	772.15	25037.3
157.559	772.118	25035.1
157.675	772.159	25037.6
157.532	772.053	25031.4
157.659	772.131	25035.7
157.582	772.108	25034.2
157.622	772.142	25038
157.634	772.053	25031.6
157.757	772.199	25030
157.63	772.195	25028.4
157.737	772.201	25028.4
157.573	772.102	25033.5
157.728	772.151	25037.8
157.628	772.109	25036.3
157.54	772.033	25030.8
157.546	772.065	25031.7
157.532	772.095	25037.3
157.787	772.14	25035.1
157.635	772.174	25038.2
157.528	772.032	25030.9
157.593	772.054	25031.7
157.743	772.125	25034.7
157.522	772.055	25031.7
157.533	772.107	25035
157.54	772.128	25035.8
157.741	772.112	25035.5
157.689	772.123	25034.7
157.671	772.108	25034.5
157.736	772.11	25035.2
157.653	772.181	25028.2
157.593	772.062	25032.3
157.636	772.15	25036.8
157.755	772.136	25037.7
157.78	772.145	25036.3
157.748	772.123	25037
157.549	772.097	25033.6
157.635	772.177	25038.7
157.708	772.15	25037.1
157.712	772.121	25037
157.726	772.153	25037.7
157.527	772.099	25037.1
157.705	772.144	25038.5
157.59	772.107	25035.6
157.688	772.221	25030.2
157.629	772.113	25035.1
157.703	772.142	25038.2
157.63	772.162	25037.7
157.782	772.115	25033.5
157.676	772.094	25034.3
157.608	772.173	25035
157.774	772.152	25034.5
157.572	772.097	25036
157.635	772.12	25036.5
157.704	772.203	25030
157.688	772.249	25035.6
157.739	772.082	25034.5
157.7	772.252	25035.7
157.575	772.114	25036.2
157.651	772.176	25038.8
157.652	772.164	25037.4
157.76	772.115	25036.2
157.728	772.16	25038.1
157.624	772.17	25038.6
157.673	772.173	25031.7
157.553	772.076	25036.2
157.737	772.135	25033.9
157.697	772.217	25032
157.541	772.061	25031.6
157.741	772.158	25038.2
157.751	772.095	25035.2
157.699	772.105	25036.6
157.597	772.176	25034.3
157.666	772.211	25032.5
157.771	772.202	25034.8
157.504	772.007	25031.2
157.74	772.115	25034.7
157.67	772.166	25037.7
157.693	772.124	25034.3
157.717	772.147	25038.3
157.72	772.148	25034.4
157.763	772.165	25034.6
157.713	772.193	25028.8
157.657	772.173	25038.8
157.68	772.228	25032.4
157.617	772.165	25038.2
157.708	772.142	25038.2
157.723	772.127	25037.4
157.596	772.137	25038.2
157.737	772.212	25028.5
157.562	772.111	25033.8
157.6	772.127	25037.1
157.684	772.184	25031.4
157.689	772.192	25029.7
157.721	772.149	25038.5
157.773	772.188	25032.5
157.571	772.059	25031.7
157.7	772.201	25030.1
157.538	772.132	25036
157.742	772.111	25035.5
157.681	772.109	25035.2
157.738	772.148	25037.3
157.577	772.061	25031.7
157.617	772.053	25031.2
157.755	772.093	25035.5
157.658	772.2	25031.9
157.655	772.092	25036.1
157.663	772.216	25033.9
157.784	772.155	25037.2
157.651	772.117	25033.2
157.709	772.127	25037.3
157.727	772.147	25037.2
157.695	772.196	25028.5
157.509	772.007	25031.3
157.591	772.134	25038.3
157.69	772.218	25032.5
157.694	772.138	25037.6
157.775	772.109	25036.5
157.523	772.013	25031.5
157.675	772.24	25034.8
157.688	772.246	25033.3
157.571	772.115	25036.5
157.684	772.236	25033.5
157.676	772.204	25028.2
157.682	772.247	25034.7
157.767	772.194	25033.8
157.678	772.101	25036.5
157.598	772.13	25036.1
157.736	772.206	25032.7
157.749	772.097	25035.9
157.606	772.185	25033.5
157.539	771.997	25034.6
157.742	772.147	25038.5
157.607	771.943	25039.5
157.717	772.149	25037.6
157.582	772.073	25032.5
157.524	772.096	25034.1
157.765	772.118	25037.4
157.616	772.122	25034.1
157.582	772.058	25031.5
157.745	772.129	25037.8
157.731	772.113	25037
157.691	772.243	25035.1
157.552	772.118	25034.8
157.694	772.136	25036.9
157.774	772.109	25036.1
157.627	772.181	25032.9
157.615	772.038	25030.4
157.639	772.174	25033
157.759	772.123	25037.7
157.708	772.194	25028.5
157.73	772.11	25036.9
157.782	772.097	25038.7
157.725	772.148	25037.6
157.543	772.048	25030.9
157.756	772.202	25033.7
157.703	772.143	25038.3
157.502	772.013	25030.9
157.759	772.126	25037.5
157.62	772.154	25037.3
157.581	772.159	25038.8
157.631	772.179	25033.1
157.701	772.148	25037.4
157.715	772.03	25032.9
157.776	772.122	25034.7
157.629	772.126	25035.7
157.691	772.239	25034.3
157.613	772.161	25036.5
157.752	772.116	25037.4
157.726	772.158	25037.8
157.556	772.115	25034.1
157.64	772.095	25036.8
157.752	772.196	25032
157.643	772.05	25032.1
157.753	772.112	25037.2
157.616	772.053	25031.8
157.678	772.151	25036.9
157.688	772.171	25034.8
157.711	772.231	25033
157.76	772.171	25038.6
157.667	772.1	25034.1
157.618	772.168	25035.6
157.749	772.202	25032.2
157.686	772.256	25035
157.593	772.057	25031.4
157.73	772.165	25039.1
157.722	772.151	25036.9
157.743	772.125	25034
157.698	772.147	25038.3
157.664	772.194	25028.8
157.77	772.114	25037
157.666	772.049	25032.7
157.746	772.108	25036.4
157.543	772.029	25030.6
157.748	772.134	25034.2
157.745	772.171	25036.9
157.595	772.164	25037.9
157.773	772.128	25038.3
157.595	772.167	25039.4
157.729	772.134	25033.7
157.643	772.116	25036.2
157.592	772.056	25031.1
157.789	772.16	25037.9
157.723	772.151	25037.8
157.619	772.062	25031.5
157.67	772.229	25035
157.684	772.152	25037.5
157.742	772.1	25036.7
157.73	772.181	25034.2
157.782	772.157	25038.2
157.514	772.059	25033.7
157.679	772.161	25037.9
157.664	772.095	25034.1
157.662	772.169	25038.5
157.541	772.022	25031
157.658	772.093	25035.9
157.682	772.121	25033.3
157.584	772.147	25037.4
157.696	772.221	25032.9
157.536	772.119	25035.3
157.611	772.094	25036.9
157.765	772.185	25036.8
157.533	772.041	25030.7
157.611	772.16	25037.8
157.755	772.201	25032.1
157.762	772.199	25032.7
157.687	772.119	25034.8
157.727	772.226	25033.3
157.704	772.177	25031.3
157.671	772.107	25035.3
157.615	772.12	25034.2
157.65	772.112	25034.9
157.633	772.176	25038.5
157.785	772.164	25039.7
157.696	772.176	25034.2
157.655	772.174	25038.8
157.747	772.124	25035.9
157.538	772.014	25032
157.71	772.106	25036.6
157.556	772.087	25037.3
157.64	772.118	25036.9
157.516	771.986	25034.2
157.714	772.195	25028.7
157.71	772.154	25037.4
157.758	772.124	25037.4
157.639	772.185	25028.5
157.611	772.145	25036.9
157.741	772.202	25031.8
157.662	772.083	25036.1
157.695	772.147	25038
157.778	772.121	25035.4
157.728	772.142	25038.2
157.714	772.071	25037.2
157.642	772.182	25039.1
157.694	772.237	25034.2
157.562	772.112	25035.2
157.704	772.142	25038.1
157.726	772.15	25037.7
157.726	772.136	25037.9
157.706	772.109	25036.3
157.51	772.039	25031
157.737	772.028	25033.2
157.745	772.189	25033.5
157.681	772.25	25035.4
157.714	772.164	25035.2
157.698	772.189	25028.7
157.664	772.166	25037.9
157.674	772.243	25033.5
157.757	772.125	25037.3
157.792	772.159	25039.1
157.648	772.17	25037.9
157.754	772.122	25037.4
157.743	772.124	25035.7
157.633	772.15	25037.6
157.737	772.174	25035.3
157.621	772.19	25030.6
157.774	772.192	25034.9
157.714	772.184	25030.1
157.605	772.052	25031.7
157.732	772.146	25037.2
157.613	772.024	25030.3
157.541	772.129	25035.8
157.582	772.078	25032.9
157.548	772.089	25033.1
157.605	772.125	25035.4
157.532	771.995	25034.3
157.64	772.183	25039.1
157.562	772.075	25031.8
157.647	772.03	25030.1
157.639	772.148	25036.6
157.701	772.109	25036.2
157.566	772.146	25037.7
157.627	772.2	25030.6
157.729	772.187	25033.1
157.75	772.201	25032
157.641	772.163	25037.5
157.649	772.168	25037.7
157.716	772.126	25037.3
157.661	772.162	25037.2
157.673	772.072	25034.5
157.776	772.175	25034.5
157.727	772.147	25037.5
157.621	772.197	25028.2
157.776	772.11	25036.6
157.65	772.074	25032.4
157.591	772.059	25031.5
157.547	772.067	25031.7
157.628	772.131	25038
157.67	772.217	25032.7
157.699	772.154	25034.2
157.754	772.127	25037.1
157.746	772.198	25031.6
157.706	772.14	25037.2
157.71	772.151	25037.6
157.598	772.159	25038.1
157.667	772.164	25037.9
157.623	772.165	25038.1
157.686	772.146	25037.1
157.513	771.997	25032.4
157.778	772.145	25034.9
157.69	772.088	25035.8
157.56	772.087	25037.5
157.775	772.132	25033.9
157.52	771.999	25032.6
157.588	772.077	25032.8
157.785	772.153	25034.3
157.739	772.156	25037.6
157.683	772.249	25035.3
157.71	772.116	25036.8
157.611	772.184	25034
157.51	772.045	25031.9
157.705	772.144	25038.5
157.596	772.174	25034.7
157.676	772.132	25038.2
157.641	772.167	25037.8
157.701	772.186	25033.3
157.623	772.128	25037.6
157.635	772.079	25032.9
157.648	772.038	25030.3
157.733	772.083	25036
157.649	772.069	25032.4
157.719	772.148	25037.8
157.555	772.036	25030.3
157.715	772.124	25037.3
157.749	772.124	25037.5
157.676	772.1	25034.6
157.729	772.158	25037.1
157.69	772.104	25035.2
157.661	772.148	25036.5
157.682	772.18	25031.9
157.544	772.106	25034.2
157.624	772.118	25033.8
157.621	772.025	25030.1
157.623	772.199	25028.9
157.724	772.198	25029.7
157.534	772.048	25032.3
157.635	772.156	25037.1
157.574	772	25034
157.721	772.101	25036.2
157.611	772.063	25031.9
157.63	772.171	25035.1
157.659	772.172	25030.8
157.657	772.117	25033.2
157.595	772.113	25034.3
157.615	772.055	25031.4
157.785	772.14	25037.7
157.623	771.916	25038.5
157.65	772.2	25032.7
157.705	772.143	25038.5
157.769	772.112	25035.6
157.755	772.146	25038.7
157.64	771.976	25033.6
157.75	772.095	25035.2
157.623	772.1	25037.3
157.791	772.034	25033.3
157.529	772.047	25031
157.599	772.037	25030.6
157.572	772.156	25038.7
157.626	772.055	25032.3
157.772	772.158	25037.5
157.688	772.123	25037.6
157.765	772.112	25032.4
157.785	772.165	25036.1
157.615	772.191	25039.4
157.727	772.169	25039.3
157.754	772.188	25031.9
157.68	772.151	25037.3
157.586	772.043	25030.7
157.653	772.186	25028.5
157.648	772.177	25028.9
157.749	772.13	25036.6
157.585	772.101	25034.6
157.742	772.18	25035.4
157.689	772.121	25034
157.78	772.145	25034
157.722	772.187	25031.1
157.626	772.074	25032.6
157.665	772.147	25037.6
157.502	772.025	25031
157.578	772.154	25038.2
157.769	772.103	25035.1
157.744	772.114	25037.2
157.623	772.07	25033.8
157.634	772.122	25037.5
157.641	772.195	25031.4
157.664	772.084	25033.4
157.662	772.131	25038.5
157.69	772.139	25034.5
157.689	772.223	25033.1
157.643	772.169	25038
157.784	772.153	25037.5
157.765	772.113	25032.4
157.523	772.127	25035.9
157.568	772.109	25035.5
157.624	772.196	25028.2
157.73	772.169	25039.2
157.717	772.152	25038.6
157.721	772.154	25037.4
157.613	772.114	25035.3
157.597	772.176	25034.4
157.592	772.134	25036.3
157.776	772.147	25035.6
157.676	772.237	25033.7
157.734	772.112	25034.8
157.535	772.095	25037.3
157.7	772.101	25035.8
157.698	772.242	25035.1
157.712	772.154	25034.8
157.716	772.148	25037.7
157.758	772.152	25036.9
157.623	772.07	25031.9
157.54	772.107	25034.1
157.624	772.156	25037.3
