 &plot nbnd=  36, nks=    71 /
            0.500000  0.500000  0.500000
   -8.346   -8.346   -8.317   -8.317   -7.907   -7.907   -7.866   -7.866   -7.825   -7.825
   -4.253   -4.253    0.071    0.071    5.461    5.461    5.667    5.667    7.706    7.706
   11.292   11.292   11.384   11.384   14.520   14.520   17.143   17.143   18.643   18.643
   18.741   18.741   19.260   19.260   19.925   19.925
            0.485714  0.485714  0.485714
   -8.346   -8.346   -8.317   -8.317   -7.907   -7.907   -7.866   -7.866   -7.825   -7.824
   -4.259   -4.259    0.082    0.082    5.463    5.463    5.669    5.669    7.708    7.708
   11.293   11.293   11.385   11.385   14.521   14.521   17.103   17.103   18.581   18.581
   18.671   18.676   19.299   19.299   19.996   19.996
            0.471429  0.471429  0.471429
   -8.345   -8.345   -8.318   -8.317   -7.907   -7.907   -7.866   -7.866   -7.825   -7.824
   -4.277   -4.277    0.114    0.114    5.467    5.467    5.674    5.674    7.713    7.713
   11.296   11.296   11.388   11.389   14.522   14.522   16.993   16.993   18.424   18.424
   18.504   18.512   19.409   19.409   20.179   20.179
            0.457143  0.457143  0.457143
   -8.345   -8.345   -8.318   -8.316   -7.907   -7.907   -7.866   -7.866   -7.826   -7.824
   -4.306   -4.306    0.167    0.167    5.475    5.475    5.682    5.682    7.721    7.721
   11.300   11.300   11.393   11.394   14.524   14.524   16.831   16.831   18.218   18.218
   18.290   18.299   19.570   19.570   20.426   20.426
            0.442857  0.442857  0.442857
   -8.345   -8.345   -8.318   -8.316   -7.907   -7.907   -7.866   -7.866   -7.827   -7.824
   -4.346   -4.346    0.241    0.241    5.487    5.487    5.693    5.694    7.733    7.733
   11.306   11.306   11.400   11.400   14.525   14.525   16.639   16.639   17.993   17.993
   18.058   18.068   19.760   19.760   20.709   20.709
            0.428571  0.428571  0.428571
   -8.344   -8.344   -8.319   -8.316   -7.907   -7.907   -7.865   -7.865   -7.827   -7.824
   -4.395   -4.395    0.333    0.333    5.501    5.501    5.707    5.708    7.747    7.747
   11.312   11.312   11.408   11.409   14.522   14.522   16.434   16.434   17.762   17.762
   17.822   17.833   19.959   19.959   21.013   21.013
            0.414286  0.414286  0.414286
   -8.344   -8.344   -8.319   -8.316   -7.907   -7.907   -7.865   -7.865   -7.828   -7.824
   -4.452   -4.452    0.442    0.442    5.519    5.519    5.724    5.726    7.766    7.766
   11.320   11.320   11.417   11.418   14.511   14.511   16.227   16.227   17.534   17.534
   17.588   17.600   20.150   20.150   21.331   21.331
            0.400000  0.400000  0.400000
   -8.343   -8.343   -8.319   -8.316   -7.906   -7.906   -7.865   -7.865   -7.829   -7.825
   -4.516   -4.516    0.568    0.568    5.539    5.539    5.745    5.747    7.787    7.787
   11.328   11.328   11.426   11.427   14.486   14.486   16.031   16.031   17.310   17.310
   17.361   17.373   20.316   20.316   21.661   21.661
            0.385714  0.385714  0.385714
   -8.343   -8.343   -8.320   -8.316   -7.906   -7.906   -7.864   -7.864   -7.829   -7.825
   -4.586   -4.586    0.708    0.708    5.563    5.563    5.769    5.771    7.811    7.811
   11.335   11.335   11.436   11.437   14.440   14.440   15.858   15.858   17.096   17.096
   17.142   17.154   20.439   20.439   21.999   21.999
            0.371429  0.371429  0.371429
   -8.342   -8.342   -8.320   -8.316   -7.906   -7.906   -7.864   -7.864   -7.830   -7.825
   -4.659   -4.659    0.862    0.862    5.589    5.589    5.795    5.798    7.838    7.838
   11.341   11.341   11.444   11.446   14.363   14.363   15.718   15.718   16.891   16.891
   16.933   16.946   20.498   20.498   22.343   22.343
            0.357143  0.357143  0.357143
   -8.341   -8.341   -8.320   -8.316   -7.906   -7.906   -7.863   -7.863   -7.831   -7.826
   -4.736   -4.736    1.028    1.028    5.619    5.619    5.825    5.828    7.869    7.869
   11.346   11.346   11.452   11.454   14.248   14.248   15.619   15.619   16.699   16.699
   16.737   16.750   20.479   20.479   22.691   22.691
            0.342857  0.342857  0.342857
   -8.340   -8.340   -8.321   -8.316   -7.906   -7.906   -7.863   -7.863   -7.832   -7.826
   -4.814   -4.814    1.205    1.205    5.651    5.651    5.857    5.860    7.901    7.901
   11.348   11.348   11.457   11.459   14.097   14.097   15.563   15.563   16.520   16.520
   16.553   16.567   20.381   20.381   23.037   23.037
            0.328571  0.328571  0.328571
   -8.339   -8.339   -8.321   -8.316   -7.905   -7.905   -7.862   -7.862   -7.833   -7.827
   -4.894   -4.894    1.393    1.393    5.686    5.686    5.892    5.896    7.937    7.937
   11.347   11.347   11.458   11.461   13.914   13.914   15.544   15.544   16.356   16.356
   16.385   16.399   20.212   20.212   23.365   23.365
            0.314286  0.314286  0.314286
   -8.338   -8.338   -8.321   -8.316   -7.905   -7.905   -7.861   -7.861   -7.834   -7.828
   -4.974   -4.974    1.589    1.589    5.724    5.724    5.930    5.934    7.974    7.974
   11.341   11.341   11.456   11.458   13.709   13.709   15.553   15.553   16.208   16.208
   16.232   16.247   19.989   19.989   23.616   23.616
            0.300000  0.300000  0.300000
   -8.337   -8.337   -8.322   -8.316   -7.905   -7.905   -7.860   -7.860   -7.835   -7.828
   -5.054   -5.054    1.794    1.794    5.764    5.764    5.971    5.974    8.014    8.014
   11.331   11.331   11.448   11.451   13.490   13.490   15.581   15.581   16.077   16.077
   16.097   16.112   19.730   19.730   23.610   23.610
            0.285714  0.285714  0.285714
   -8.336   -8.336   -8.322   -8.316   -7.905   -7.905   -7.860   -7.860   -7.836   -7.829
   -5.133   -5.133    2.007    2.007    5.806    5.806    6.013    6.017    8.055    8.055
   11.314   11.314   11.435   11.438   13.261   13.261   15.624   15.624   15.964   15.964
   15.980   15.995   19.450   19.450   23.367   23.367
            0.271429  0.271429  0.271429
   -8.335   -8.335   -8.322   -8.316   -7.904   -7.904   -7.859   -7.859   -7.837   -7.830
   -5.210   -5.210    2.226    2.226    5.850    5.850    6.058    6.062    8.097    8.097
   11.291   11.291   11.415   11.418   13.028   13.028   15.675   15.675   15.870   15.870
   15.882   15.897   19.160   19.160   23.058   23.058
            0.257143  0.257143  0.257143
   -8.334   -8.334   -8.322   -8.316   -7.904   -7.904   -7.858   -7.858   -7.838   -7.831
   -5.285   -5.285    2.452    2.452    5.896    5.896    6.105    6.108    8.140    8.140
   11.261   11.261   11.387   11.390   12.794   12.794   15.729   15.729   15.796   15.796
   15.804   15.820   18.870   18.870   22.734   22.734
            0.242857  0.242857  0.242857
   -8.333   -8.333   -8.323   -8.316   -7.903   -7.903   -7.857   -7.857   -7.839   -7.832
   -5.358   -5.358    2.683    2.683    5.944    5.944    6.153    6.157    8.182    8.182
   11.223   11.223   11.352   11.355   12.560   12.560   15.741   15.741   15.747   15.763
   15.784   15.784   18.589   18.589   22.409   22.409
            0.228571  0.228571  0.228571
   -8.332   -8.332   -8.323   -8.317   -7.903   -7.903   -7.856   -7.856   -7.839   -7.833
   -5.428   -5.428    2.920    2.920    5.994    5.994    6.203    6.207    8.223    8.223
   11.179   11.179   11.310   11.313   12.329   12.329   15.708   15.708   15.710   15.726
   15.829   15.829   18.324   18.324   22.086   22.086
            0.214286  0.214286  0.214286
   -8.331   -8.331   -8.323   -8.317   -7.902   -7.902   -7.855   -7.855   -7.840   -7.833
   -5.495   -5.495    3.161    3.161    6.044    6.044    6.254    6.258    8.262    8.262
   11.128   11.128   11.261   11.263   12.102   12.102   15.694   15.694   15.694   15.710
   15.860   15.860   18.087   18.087   21.768   21.768
            0.200000  0.200000  0.200000
   -8.330   -8.330   -8.323   -8.317   -7.902   -7.902   -7.854   -7.854   -7.841   -7.834
   -5.558   -5.558    3.406    3.406    6.095    6.095    6.306    6.310    8.296    8.296
   11.071   11.071   11.205   11.207   11.881   11.881   15.698   15.700   15.700   15.714
   15.867   15.867   17.888   17.888   21.456   21.456
            0.185714  0.185714  0.185714
   -8.329   -8.329   -8.323   -8.318   -7.901   -7.901   -7.853   -7.853   -7.842   -7.835
   -5.618   -5.618    3.655    3.655    6.147    6.147    6.358    6.362    8.324    8.324
   11.009   11.009   11.144   11.146   11.667   11.667   15.721   15.724   15.724   15.737
   15.839   15.839   17.738   17.738   21.150   21.150
            0.171429  0.171429  0.171429
   -8.328   -8.328   -8.323   -8.318   -7.901   -7.901   -7.852   -7.852   -7.842   -7.836
   -5.675   -5.675    3.907    3.907    6.198    6.198    6.410    6.414    8.343    8.343
   10.944   10.944   11.078   11.081   11.465   11.465   15.761   15.761   15.762   15.776
   15.776   15.778   17.645   17.645   20.851   20.851
            0.157143  0.157143  0.157143
   -8.327   -8.327   -8.323   -8.318   -7.900   -7.900   -7.851   -7.851   -7.843   -7.837
   -5.727   -5.727    4.161    4.161    6.250    6.250    6.462    6.466    8.351    8.351
   10.875   10.875   11.010   11.012   11.275   11.275   15.660   15.660   15.820   15.826
   15.826   15.835   17.610   17.610   20.561   20.561
            0.142857  0.142857  0.142857
   -8.326   -8.326   -8.323   -8.319   -7.900   -7.900   -7.850   -7.850   -7.843   -7.838
   -5.776   -5.776    4.417    4.417    6.300    6.300    6.513    6.516    8.344    8.344
   10.805   10.805   10.941   10.943   11.102   11.102   15.520   15.520   15.894   15.900
   15.900   15.909   17.624   17.624   20.278   20.278
            0.128571  0.128571  0.128571
   -8.326   -8.326   -8.323   -8.319   -7.899   -7.899   -7.849   -7.849   -7.844   -7.839
   -5.820   -5.820    4.673    4.673    6.348    6.348    6.562    6.565    8.318    8.318
   10.733   10.733   10.872   10.874   10.950   10.950   15.360   15.360   15.982   15.987
   15.987   15.996   17.676   17.676   20.005   20.005
            0.114286  0.114286  0.114286
   -8.325   -8.325   -8.323   -8.319   -7.899   -7.899   -7.848   -7.848   -7.844   -7.840
   -5.860   -5.860    4.930    4.930    6.394    6.394    6.608    6.611    8.269    8.269
   10.659   10.659   10.805   10.807   10.823   10.823   15.193   15.193   16.081   16.087
   16.087   16.095   17.753   17.753   19.741   19.741
            0.100000  0.100000  0.100000
   -8.324   -8.324   -8.323   -8.320   -7.898   -7.898   -7.847   -7.847   -7.844   -7.840
   -5.895   -5.895    5.186    5.186    6.438    6.438    6.652    6.655    8.196    8.196
   10.583   10.583   10.724   10.724   10.742   10.743   15.028   15.028   16.191   16.196
   16.196   16.204   17.848   17.848   19.488   19.488
            0.085714  0.085714  0.085714
   -8.324   -8.324   -8.323   -8.320   -7.898   -7.898   -7.846   -7.846   -7.845   -7.841
   -5.926   -5.926    5.440    5.440    6.479    6.479    6.692    6.694    8.097    8.097
   10.511   10.511   10.651   10.651   10.683   10.684   14.872   14.872   16.309   16.313
   16.313   16.321   17.951   17.951   19.249   19.249
            0.071429  0.071429  0.071429
   -8.323   -8.323   -8.323   -8.320   -7.898   -7.898   -7.846   -7.846   -7.845   -7.842
   -5.953   -5.953    5.689    5.689    6.517    6.517    6.727    6.729    7.972    7.972
   10.447   10.447   10.598   10.598   10.631   10.631   14.732   14.732   16.430   16.435
   16.435   16.442   18.056   18.056   19.025   19.025
            0.057143  0.057143  0.057143
   -8.323   -8.323   -8.323   -8.321   -7.897   -7.897   -7.845   -7.845   -7.845   -7.842
   -5.974   -5.974    5.930    5.930    6.554    6.554    6.757    6.759    7.825    7.825
   10.396   10.396   10.559   10.559   10.586   10.587   14.610   14.610   16.552   16.556
   16.556   16.563   18.157   18.157   18.820   18.820
            0.042857  0.042857  0.042857
   -8.323   -8.322   -8.322   -8.321   -7.897   -7.897   -7.845   -7.845   -7.845   -7.843
   -5.991   -5.991    6.155    6.155    6.592    6.592    6.781    6.783    7.660    7.660
   10.357   10.357   10.532   10.532   10.550   10.551   14.512   14.512   16.667   16.671
   16.671   16.676   18.246   18.246   18.641   18.641
            0.028571  0.028571  0.028571
   -8.323   -8.322   -8.322   -8.321   -7.897   -7.897   -7.845   -7.844   -7.844   -7.843
   -6.003   -6.003    6.342    6.342    6.649    6.649    6.799    6.800    7.485    7.485
   10.330   10.330   10.515   10.515   10.524   10.524   14.440   14.440   16.766   16.769
   16.769   16.773   18.316   18.316   18.498   18.498
            0.014286  0.014286  0.014286
   -8.322   -8.322   -8.322   -8.322   -7.897   -7.897   -7.844   -7.844   -7.844   -7.844
   -6.010   -6.010    6.450    6.450    6.746    6.746    6.810    6.811    7.322    7.322
   10.314   10.314   10.505   10.505   10.508   10.508   14.396   14.396   16.835   16.837
   16.837   16.839   18.357   18.357   18.407   18.407
            0.000000  0.000000  0.000000
   -8.322   -8.322   -8.322   -8.322   -7.897   -7.897   -7.844   -7.844   -7.844   -7.844
   -6.013   -6.013    6.479    6.479    6.814    6.814    6.814    6.814    7.238    7.238
   10.309   10.309   10.502   10.502   10.502   10.502   14.381   14.381   16.862   16.862
   16.862   16.862   18.355   18.355   18.391   18.391
            0.028571  0.000000  0.000000
   -8.322   -8.322   -8.322   -8.322   -7.897   -7.897   -7.844   -7.844   -7.844   -7.844
   -6.010   -6.010    6.441    6.441    6.732    6.732    6.802    6.802    7.347    7.347
   10.315   10.315   10.500   10.500   10.517   10.517   14.401   14.401   16.794   16.794
   16.865   16.865   18.370   18.370   18.398   18.398
            0.057143  0.000000  0.000000
   -8.323   -8.323   -8.322   -8.322   -7.897   -7.897   -7.845   -7.845   -7.844   -7.844
   -6.000   -6.000    6.313    6.313    6.617    6.617    6.767    6.767    7.558    7.558
   10.321   10.321   10.506   10.506   10.560   10.560   14.460   14.460   16.616   16.616
   16.875   16.875   18.394   18.394   18.419   18.419
            0.085714  0.000000  0.000000
   -8.323   -8.323   -8.321   -8.321   -7.897   -7.897   -7.845   -7.845   -7.843   -7.843
   -5.984   -5.984    6.111    6.111    6.532    6.532    6.711    6.711    7.792    7.792
   10.298   10.298   10.548   10.548   10.630   10.630   14.554   14.554   16.375   16.375
   16.893   16.893   18.430   18.430   18.454   18.454
            0.114286  0.000000  0.000000
   -8.324   -8.324   -8.321   -8.321   -7.897   -7.897   -7.845   -7.845   -7.843   -7.843
   -5.961   -5.961    5.879    5.879    6.451    6.451    6.637    6.637    8.032    8.032
   10.239   10.239   10.635   10.635   10.724   10.724   14.681   14.681   16.104   16.104
   16.916   16.916   18.480   18.480   18.502   18.502
            0.142857  0.000000  0.000000
   -8.325   -8.325   -8.321   -8.321   -7.898   -7.898   -7.846   -7.846   -7.843   -7.843
   -5.933   -5.933    5.636    5.636    6.364    6.364    6.547    6.547    8.271    8.271
   10.158   10.158   10.754   10.754   10.841   10.841   14.835   14.835   15.825   15.825
   16.947   16.947   18.543   18.543   18.565   18.565
            0.171429  0.000000  0.000000
   -8.326   -8.326   -8.320   -8.320   -7.898   -7.898   -7.846   -7.846   -7.843   -7.843
   -5.898   -5.898    5.390    5.390    6.268    6.268    6.445    6.445    8.505    8.505
   10.064   10.064   10.897   10.897   10.978   10.978   15.004   15.004   15.555   15.555
   16.985   16.985   18.621   18.621   18.642   18.642
            0.200000  0.000000  0.000000
   -8.327   -8.327   -8.320   -8.320   -7.899   -7.899   -7.846   -7.846   -7.843   -7.843
   -5.856   -5.856    5.142    5.142    6.164    6.164    6.334    6.334    8.729    8.729
    9.965    9.965   11.058   11.058   11.132   11.132   15.107   15.107   15.382   15.382
   17.029   17.029   18.713   18.713   18.733   18.733
            0.228571  0.000000  0.000000
   -8.328   -8.328   -8.319   -8.319   -7.900   -7.900   -7.846   -7.846   -7.843   -7.843
   -5.809   -5.809    4.895    4.895    6.053    6.053    6.216    6.216    8.937    8.937
    9.867    9.867   11.235   11.235   11.301   11.301   14.939   14.939   15.513   15.513
   17.080   17.080   18.820   18.820   18.838   18.838
            0.257143  0.000000  0.000000
   -8.329   -8.329   -8.318   -8.318   -7.901   -7.901   -7.846   -7.846   -7.843   -7.843
   -5.756   -5.756    4.647    4.647    5.939    5.939    6.094    6.094    9.114    9.114
    9.784    9.784   11.425   11.425   11.482   11.482   14.710   14.710   15.742   15.742
   17.138   17.138   18.940   18.940   18.958   18.958
            0.285714  0.000000  0.000000
   -8.331   -8.331   -8.317   -8.317   -7.902   -7.902   -7.846   -7.846   -7.843   -7.843
   -5.697   -5.697    4.401    4.401    5.821    5.821    5.970    5.970    9.231    9.231
    9.743    9.743   11.625   11.625   11.674   11.674   14.494   14.494   15.997   15.997
   17.203   17.203   19.075   19.075   19.091   19.091
            0.314286  0.000000  0.000000
   -8.332   -8.332   -8.317   -8.317   -7.903   -7.903   -7.846   -7.846   -7.843   -7.843
   -5.632   -5.632    4.157    4.157    5.702    5.702    5.844    5.844    9.254    9.254
    9.777    9.777   11.834   11.834   11.875   11.875   14.307   14.307   16.266   16.266
   17.275   17.275   19.224   19.224   19.239   19.239
            0.342857  0.000000  0.000000
   -8.334   -8.334   -8.316   -8.316   -7.904   -7.904   -7.846   -7.846   -7.843   -7.843
   -5.562   -5.562    3.914    3.914    5.582    5.582    5.718    5.718    9.200    9.200
    9.861    9.861   12.051   12.051   12.084   12.084   14.155   14.155   16.548   16.548
   17.353   17.353   19.388   19.388   19.401   19.401
            0.371429  0.000000  0.000000
   -8.336   -8.336   -8.315   -8.315   -7.905   -7.905   -7.845   -7.845   -7.843   -7.843
   -5.487   -5.487    3.673    3.673    5.464    5.464    5.594    5.594    9.114    9.114
    9.950    9.950   12.273   12.273   12.300   12.300   14.046   14.046   16.839   16.839
   17.438   17.438   19.565   19.565   19.577   19.577
            0.400000  0.000000  0.000000
   -8.337   -8.337   -8.314   -8.314   -7.906   -7.906   -7.845   -7.845   -7.843   -7.843
   -5.406   -5.406    3.434    3.434    5.347    5.347    5.472    5.472    9.018    9.018
   10.016   10.016   12.501   12.501   12.522   12.522   13.985   13.985   17.138   17.138
   17.530   17.530   19.757   19.757   19.768   19.768
            0.428571  0.000000  0.000000
   -8.339   -8.339   -8.313   -8.313   -7.907   -7.907   -7.844   -7.844   -7.843   -7.843
   -5.320   -5.320    3.197    3.197    5.232    5.232    5.352    5.352    8.919    8.919
   10.050   10.050   12.732   12.732   12.750   12.750   13.976   13.976   17.443   17.443
   17.628   17.628   19.963   19.963   19.973   19.973
            0.457143  0.000000  0.000000
   -8.341   -8.341   -8.312   -8.312   -7.908   -7.908   -7.844   -7.844   -7.842   -7.842
   -5.230   -5.230    2.962    2.962    5.120    5.120    5.236    5.236    8.822    8.822
   10.047   10.047   12.965   12.965   12.983   12.983   14.017   14.017   17.733   17.733
   17.753   17.753   20.184   20.184   20.193   20.193
            0.485714  0.000000  0.000000
   -8.343   -8.343   -8.311   -8.311   -7.909   -7.909   -7.844   -7.844   -7.841   -7.841
   -5.136   -5.136    2.731    2.731    5.012    5.012    5.124    5.124    8.729    8.729
   10.011   10.011   13.200   13.200   13.221   13.221   14.106   14.106   17.844   17.844
   18.064   18.064   20.417   20.417   20.426   20.426
            0.514286  0.000000  0.000000
   -8.345   -8.345   -8.310   -8.310   -7.910   -7.910   -7.844   -7.844   -7.841   -7.841
   -5.037   -5.037    2.502    2.502    4.908    4.908    5.016    5.016    8.640    8.640
    9.946    9.946   13.437   13.437   13.463   13.463   14.237   14.237   17.962   17.962
   18.375   18.375   20.665   20.665   20.674   20.674
            0.542857  0.000000  0.000000
   -8.347   -8.347   -8.309   -8.309   -7.911   -7.911   -7.844   -7.844   -7.839   -7.839
   -4.934   -4.934    2.277    2.277    4.808    4.808    4.913    4.913    8.557    8.557
    9.858    9.858   13.676   13.676   13.708   13.708   14.403   14.403   18.086   18.086
   18.683   18.683   20.926   20.926   20.935   20.935
            0.571429  0.000000  0.000000
   -8.348   -8.348   -8.308   -8.308   -7.912   -7.912   -7.844   -7.844   -7.838   -7.838
   -4.828   -4.828    2.055    2.055    4.713    4.713    4.815    4.815    8.480    8.480
    9.753    9.753   13.916   13.916   13.954   13.954   14.597   14.597   18.216   18.216
   18.984   18.984   21.201   21.201   21.210   21.210
            0.600000  0.000000  0.000000
   -8.350   -8.350   -8.307   -8.307   -7.913   -7.913   -7.844   -7.844   -7.837   -7.837
   -4.719   -4.719    1.838    1.838    4.623    4.623    4.722    4.722    8.410    8.410
    9.638    9.638   14.158   14.158   14.202   14.202   14.813   14.813   18.353   18.353
   19.275   19.275   21.488   21.488   21.497   21.497
            0.628571  0.000000  0.000000
   -8.352   -8.352   -8.307   -8.307   -7.914   -7.914   -7.844   -7.844   -7.836   -7.836
   -4.608   -4.608    1.626    1.626    4.538    4.538    4.635    4.635    8.347    8.347
    9.516    9.516   14.401   14.401   14.451   14.451   15.045   15.045   18.495   18.495
   19.550   19.550   21.787   21.787   21.796   21.796
            0.657143  0.000000  0.000000
   -8.354   -8.354   -8.306   -8.306   -7.914   -7.914   -7.843   -7.843   -7.835   -7.835
   -4.495   -4.495    1.419    1.419    4.459    4.459    4.554    4.554    8.291    8.291
    9.391    9.391   14.644   14.644   14.699   14.699   15.289   15.289   18.642   18.642
   19.802   19.802   22.093   22.093   22.100   22.100
            0.685714  0.000000  0.000000
   -8.355   -8.355   -8.305   -8.305   -7.915   -7.915   -7.843   -7.843   -7.834   -7.834
   -4.382   -4.382    1.218    1.218    4.385    4.385    4.478    4.478    8.242    8.242
    9.266    9.266   14.888   14.888   14.948   14.948   15.542   15.542   18.794   18.794
   20.025   20.025   22.372   22.372   22.377   22.377
            0.714286  0.000000  0.000000
   -8.357   -8.357   -8.304   -8.304   -7.916   -7.916   -7.843   -7.843   -7.833   -7.833
   -4.268   -4.268    1.025    1.025    4.317    4.317    4.409    4.409    8.201    8.201
    9.144    9.144   15.130   15.130   15.194   15.194   15.799   15.799   18.951   18.951
   20.210   20.210   22.298   22.298   22.359   22.359
            0.742857  0.000000  0.000000
   -8.358   -8.358   -8.304   -8.304   -7.916   -7.916   -7.843   -7.843   -7.831   -7.831
   -4.156   -4.156    0.841    0.841    4.256    4.256    4.346    4.346    8.167    8.167
    9.026    9.026   15.371   15.371   15.438   15.438   16.058   16.058   19.112   19.112
   20.349   20.349   21.998   21.998   22.074   22.074
            0.771429  0.000000  0.000000
   -8.359   -8.359   -8.303   -8.303   -7.917   -7.917   -7.843   -7.843   -7.830   -7.830
   -4.046   -4.046    0.667    0.667    4.200    4.200    4.289    4.289    8.141    8.141
    8.913    8.913   15.607   15.607   15.677   15.677   16.316   16.316   19.275   19.275
   20.435   20.435   21.692   21.692   21.767   21.767
            0.800000  0.000000  0.000000
   -8.360   -8.360   -8.303   -8.303   -7.917   -7.917   -7.843   -7.843   -7.830   -7.830
   -3.940   -3.940    0.504    0.504    4.151    4.151    4.239    4.239    8.124    8.124
    8.807    8.807   15.838   15.838   15.910   15.910   16.570   16.570   19.440   19.440
   20.468   20.468   21.398   21.398   21.469   21.469
            0.828571  0.000000  0.000000
   -8.361   -8.361   -8.302   -8.302   -7.917   -7.917   -7.843   -7.843   -7.829   -7.829
   -3.841   -3.841    0.355    0.355    4.108    4.108    4.195    4.195    8.113    8.113
    8.709    8.709   16.061   16.061   16.133   16.133   16.815   16.815   19.603   19.603
   20.452   20.452   21.122   21.122   21.187   21.187
            0.857143  0.000000  0.000000
   -8.362   -8.362   -8.302   -8.302   -7.918   -7.918   -7.843   -7.843   -7.828   -7.828
   -3.751   -3.751    0.223    0.223    4.072    4.072    4.158    4.158    8.111    8.111
    8.618    8.618   16.270   16.270   16.342   16.342   17.048   17.048   19.763   19.763
   20.397   20.397   20.868   20.868   20.924   20.924
            0.885714  0.000000  0.000000
   -8.363   -8.363   -8.301   -8.301   -7.918   -7.918   -7.843   -7.843   -7.827   -7.827
   -3.671   -3.671    0.108    0.108    4.042    4.042    4.127    4.127    8.116    8.116
    8.537    8.537   16.461   16.461   16.531   16.531   17.262   17.262   19.914   19.914
   20.315   20.315   20.643   20.643   20.689   20.689
            0.914286  0.000000  0.000000
   -8.363   -8.363   -8.301   -8.301   -7.918   -7.918   -7.843   -7.843   -7.827   -7.827
   -3.605   -3.605    0.016    0.016    4.019    4.019    4.103    4.103    8.127    8.127
    8.466    8.466   16.626   16.626   16.693   16.693   17.448   17.448   20.049   20.049
   20.224   20.224   20.453   20.453   20.488   20.488
            0.942857  0.000000  0.000000
   -8.364   -8.364   -8.301   -8.301   -7.918   -7.918   -7.843   -7.843   -7.827   -7.827
   -3.556   -3.556   -0.053   -0.053    4.002    4.002    4.086    4.086    8.142    8.142
    8.407    8.407   16.756   16.756   16.819   16.819   17.595   17.595   20.142   20.142
   20.159   20.159   20.306   20.306   20.331   20.331
            0.971429  0.000000  0.000000
   -8.364   -8.364   -8.301   -8.301   -7.918   -7.918   -7.843   -7.843   -7.826   -7.826
   -3.525   -3.525   -0.095   -0.095    3.992    3.992    4.076    4.076    8.158    8.158
    8.366    8.366   16.841   16.841   16.899   16.899   17.691   17.691   20.087   20.087
   20.211   20.211   20.230   20.230   20.233   20.233
            1.000000  0.000000  0.000000
   -8.364   -8.364   -8.301   -8.301   -7.918   -7.918   -7.843   -7.843   -7.826   -7.826
   -3.515   -3.515   -0.109   -0.109    3.989    3.989    4.073    4.073    8.165    8.165
    8.350    8.350   16.870   16.870   16.927   16.927   17.725   17.725   20.067   20.067
   20.178   20.178   20.196   20.196   20.258   20.258
